Limiar	Frequencia	Variancia
1	467	0
2	465	0
3	516	0
4	461	0
5	456	0
6	459	0
7	458	0
8	471	0
9	472	0
10	466	0
11	470	0
12	513	0
13	530	0
14	549	0
15	544	0
16	530	0
17	545	0
18	553	0
19	556	0
20	560	0
21	558	0
22	558	0
23	559	0
24	572	0
25	587	0
26	600	0
27	579	0
28	572	0
29	568	0
30	569	0
31	557	0
32	535	0
33	526	0
34	520	0
35	508	1
36	497	1
37	507	1
38	496	1
39	503	1
40	512	1
41	481	1
42	467	1
43	469	1
44	474	1
45	469	1
46	477	1
47	457	1
48	434	1
49	420	1
50	410	1
51	378	1
52	371	1
53	357	1
54	343	1
55	354	1
56	361	1
57	352	1
58	334	1
59	326	1
60	332	1
61	334	1
62	355	1
63	376	1
64	408	1
65	432	1
66	467	1
67	476	1
68	466	1
69	452	1
70	396	1
71	351	1
72	295	1
73	284	1
74	258	1
75	272	1
76	243	1
77	228	1
78	222	1
79	224	1
80	217	1
81	214	1
82	214	1
83	207	1
84	203	1
85	208	1
86	208	1
87	204	1
88	206	1
89	209	1
90	205	1
91	205	1
92	211	1
93	204	1
94	222	1
95	230	1
96	204	1
97	193	1
98	195	1
99	192	1
100	192	1
101	192	1
102	191	1
103	196	1
104	189	1
105	186	1
106	181	1
107	182	1
108	176	1
109	173	1
110	165	1
111	167	1
112	156	1
113	155	1
114	154	1
115	154	1
116	145	1
117	140	1
118	138	1
119	131	1
120	132	1
121	136	0
122	145	0
123	161	0
124	134	0
125	120	0
126	112	0
127	111	0
128	103	0
129	98	0
130	94	0
131	84	0
132	78	0
133	73	0
134	65	0
135	61	0
136	56	0
137	49	0
138	43	0
139	38	0
140	35	0
141	30	0
142	25	0
143	25	0
144	26	0
145	34	0
146	41	0
147	37	0
148	20	0
149	15	0
150	16	0
151	15	0
152	13	0
153	13	0
154	13	0
155	11	0
156	12	0
157	10	0
158	11	0
159	9	0
160	10	0
161	8	0
162	10	0
163	11	0
164	13	0
165	14	0
166	13	0
167	16	0
168	17	0
169	19	0
170	21	0
171	22	0
172	27	0
173	34	0
174	44	0
175	76	0
176	212	0
177	211	0
178	137	0
179	38	0
180	2	1
181	0	21
182	0	600
183	0	0
184	0	0
185	0	0
186	0	0
187	0	0
188	0	0
189	0	0
190	0	0
191	0	0
192	0	0
193	0	0
194	0	0
195	0	0
196	0	0
197	0	0
198	0	0
199	0	0
200	0	0
201	0	0
202	0	0
203	0	0
204	0	0
205	0	0
206	0	0
207	0	0
208	0	0
209	0	0
210	0	0
211	0	0
212	0	0
213	0	0
214	0	0
215	0	0
216	0	0
217	0	0
218	0	0
219	0	0
220	0	0
221	0	0
222	0	0
223	0	0
224	0	0
225	0	0
226	0	0
227	0	0
228	0	0
229	0	0
230	0	0
231	0	0
232	0	0
233	0	0
234	0	0
235	0	0
236	0	0
237	0	0
238	0	0
239	0	0
240	0	0
241	0	0
242	0	0
243	0	0
244	0	0
245	0	0
246	0	0
247	0	0
248	0	0
249	0	0
250	0	0
251	0	0
252	0	0
253	0	0
254	0	0
255	0	0
